6.605261386101574095e-01 1.201296645402908370e+00 9.795333333333333314e+01 9.750999999999999091e+01
6.332987296115941689e-01 1.153560465574264615e+00 9.797166666666666401e+01 9.754999999999999716e+01
6.069305905525971268e-01 1.120965707302093550e+00 9.800333333333333030e+01 9.756000000000000227e+01
5.817810582192831648e-01 1.092134624719619751e+00 9.804333333333333655e+01 9.757999999999999829e+01
5.569144103713397076e-01 1.063667494058609053e+00 9.807833333333333314e+01 9.762999999999999545e+01
5.342007954277017134e-01 1.016339433193206743e+00 9.810999999999999943e+01 9.765000000000000568e+01
5.099891264038137750e-01 1.001873749494552657e+00 9.815000000000000568e+01 9.765999999999999659e+01
4.877709977634102634e-01 9.614126384258270264e-01 9.817666666666666231e+01 9.770000000000000284e+01
4.663576442139180100e-01 9.218732953071594460e-01 9.820499999999999829e+01 9.770999999999999375e+01
4.456727653863628569e-01 8.951820373535156472e-01 9.823499999999999943e+01 9.774000000000000909e+01
4.256983129281257661e-01 8.617361605167388472e-01 9.827166666666667538e+01 9.775000000000000000e+01
4.064102814015542187e-01 8.380923330783843772e-01 9.830499999999999261e+01 9.779999999999999716e+01
3.877970431920650385e-01 8.004782885313034280e-01 9.834666666666666401e+01 9.781000000000000227e+01
3.698693991531511460e-01 7.758816689252853172e-01 9.837000000000000455e+01 9.781999999999999318e+01
3.527854277999779575e-01 7.489328563213348833e-01 9.839833333333332632e+01 9.781000000000000227e+01
3.359752709272526561e-01 7.357850730419158714e-01 9.843166666666665776e+01 9.782999999999999829e+01
3.199974774105581177e-01 7.092144876718521340e-01 9.847166666666666401e+01 9.787000000000000455e+01
3.049257630381631001e-01 6.857310473918915017e-01 9.851333333333333542e+01 9.789000000000000057e+01
2.904827765435374354e-01 6.628964871168137041e-01 9.854666666666666686e+01 9.792000000000000171e+01
2.757378334170411671e-01 6.362896144390106645e-01 9.857833333333333314e+01 9.792000000000000171e+01
2.621309373628932238e-01 6.169239908456802812e-01 9.861666666666666003e+01 9.793999999999999773e+01
2.490923307401268494e-01 5.941984504461288452e-01 9.865000000000000568e+01 9.795000000000000284e+01
2.365554509076746303e-01 5.768635243177413496e-01 9.868166666666667197e+01 9.796999999999999886e+01
2.245283464244738347e-01 5.492969751358032227e-01 9.870333333333333314e+01 9.801999999999999602e+01
2.129947729334185913e-01 5.385050535202026145e-01 9.873166666666665492e+01 9.804999999999999716e+01
2.019931737602687072e-01 5.135377645492553711e-01 9.876999999999999602e+01 9.806000000000000227e+01
1.913394257065860748e-01 4.968974649906158225e-01 9.879833333333333201e+01 9.807000000000000739e+01
1.817098200226588134e-01 4.793435662984847911e-01 9.882833333333333314e+01 9.807999999999999829e+01
1.714803323109043709e-01 4.688447892665862926e-01 9.886166666666666458e+01 9.809999999999999432e+01
1.628428521464087564e-01 4.429412305355072133e-01 9.889333333333333087e+01 9.815999999999999659e+01
1.534037152005754689e-01 4.314948663115501515e-01 9.893500000000000227e+01 9.817000000000000171e+01
1.446710361726116778e-01 4.160352766513824574e-01 9.895166666666666799e+01 9.817000000000000171e+01
1.365926151106349462e-01 4.069550335407257080e-01 9.896999999999999886e+01 9.818000000000000682e+01
1.285668150300466606e-01 3.824998393654823192e-01 9.899666666666666970e+01 9.820000000000000284e+01
1.210505650328508043e-01 3.695584043860435375e-01 9.902333333333332632e+01 9.821999999999999886e+01
1.138783131434512597e-01 3.676282033324241860e-01 9.905000000000001137e+01 9.824000000000000909e+01
1.070498646286525135e-01 3.439246833324432484e-01 9.907833333333333314e+01 9.826000000000000512e+01
1.005563595510187286e-01 3.338497400283813588e-01 9.911833333333332519e+01 9.829000000000000625e+01
9.439205855781558629e-02 3.187353029847145303e-01 9.914500000000001023e+01 9.831000000000000227e+01
8.853701342251479867e-02 3.041503690183162689e-01 9.917166666666666686e+01 9.835000000000000853e+01
8.297295043653972468e-02 2.939961418509483559e-01 9.920499999999999829e+01 9.840000000000000568e+01
7.769319265248546269e-02 2.928178876638412587e-01 9.922999999999998977e+01 9.842000000000000171e+01
7.268432536301328017e-02 2.771844595670699962e-01 9.925000000000000000e+01 9.846000000000000796e+01
6.794695981564688458e-02 2.634667009115219116e-01 9.927833333333333599e+01 9.848999999999999488e+01
6.346678411877491877e-02 2.609638810157776101e-01 9.930333333333332746e+01 9.850000000000000000e+01
5.922738505106033002e-02 2.446730695664882660e-01 9.932333333333332348e+01 9.851999999999999602e+01
5.522147517286637303e-02 2.411540970206260681e-01 9.934666666666667822e+01 9.854000000000000625e+01
5.144231579533214277e-02 2.280287973582744709e-01 9.936333333333334394e+01 9.857999999999999829e+01
4.810864490917839825e-02 2.208763286471366882e-01 9.939499999999999602e+01 9.859999999999999432e+01
4.453207221999470194e-02 2.137612551450729370e-01 9.942166666666666686e+01 9.861999999999999034e+01
4.139377745153020871e-02 2.069291796535253636e-01 9.944333333333332803e+01 9.862999999999999545e+01
3.855616742745492098e-02 1.947049584239721187e-01 9.947166666666666401e+01 9.865999999999999659e+01
3.568270347230628747e-02 1.909407868981361500e-01 9.949666666666666970e+01 9.868000000000000682e+01
3.308471846647693254e-02 1.818616718053817638e-01 9.951666666666666572e+01 9.868999999999999773e+01
3.064759094262245812e-02 1.766493067145347706e-01 9.953166666666666629e+01 9.870000000000000284e+01
2.836373810493263495e-02 1.703134663403034210e-01 9.955500000000000682e+01 9.871999999999999886e+01
2.627645288620684971e-02 1.640865527093410547e-01 9.957166666666667254e+01 9.871999999999999886e+01
2.419128711231679010e-02 1.610229238867759705e-01 9.958833333333333826e+01 9.871999999999999886e+01
2.232465674067719494e-02 1.519968561828136389e-01 9.961666666666666003e+01 9.874000000000000909e+01
2.054741221828450259e-02 1.486673571169376262e-01 9.962333333333333485e+01 9.874000000000000909e+01
1.890496580174470462e-02 1.405291832983493749e-01 9.963833333333333542e+01 9.878000000000000114e+01
1.737672437663286343e-02 1.369806736707687433e-01 9.966000000000001080e+01 9.879000000000000625e+01
1.596312395154530009e-02 1.316477604210376795e-01 9.968000000000000682e+01 9.882999999999999829e+01
1.465055362191994975e-02 1.264868225902318899e-01 9.970333333333333314e+01 9.885999999999999943e+01
1.343661760714762003e-02 1.203432954847812597e-01 9.971666666666666856e+01 9.887999999999999545e+01
1.231451438294760455e-02 1.158248610794544164e-01 9.972499999999999432e+01 9.890000000000000568e+01
1.128278380337906228e-02 1.136734969913959503e-01 9.973333333333333428e+01 9.892000000000000171e+01
1.033214804056804131e-02 1.086100369691848783e-01 9.975000000000000000e+01 9.893999999999999773e+01
9.459087798570296399e-03 1.052722919732332202e-01 9.977000000000001023e+01 9.895000000000000284e+01
8.656331627649669833e-03 9.916404522955417356e-02 9.978499999999999659e+01 9.898999999999999488e+01
7.924831792474395370e-03 9.599505476653576175e-02 9.979999999999999716e+01 9.898999999999999488e+01
7.250119786773636006e-03 9.367895163595676977e-02 9.980666666666667197e+01 9.900000000000000000e+01
6.638542899757056068e-03 8.813163675367832739e-02 9.981999999999999318e+01 9.900999999999999091e+01
6.084185623719181105e-03 8.467442803084850034e-02 9.982833333333333314e+01 9.900999999999999091e+01
5.583451854094586414e-03 8.302544727921486178e-02 9.983833333333332405e+01 9.901999999999999602e+01
5.132348154651284952e-03 7.931867903098463457e-02 9.984666666666666401e+01 9.903000000000000114e+01
4.723567804553176382e-03 7.511317394673824865e-02 9.985500000000000398e+01 9.901999999999999602e+01
4.355242022543269823e-03 7.426172010600566586e-02 9.986833333333333940e+01 9.900000000000000000e+01
4.022007051725264015e-03 7.078936677426099500e-02 9.987333333333333485e+01 9.901999999999999602e+01
3.722747813609724940e-03 6.820696294307708463e-02 9.988833333333333542e+01 9.901999999999999602e+01
3.457005140222152439e-03 6.519870832562446594e-02 9.990000000000000568e+01 9.906000000000000227e+01
3.221082079552813667e-03 6.418925244361162186e-02 9.990166666666667084e+01 9.906000000000000227e+01
3.010489692413290206e-03 5.981940925121307512e-02 9.991333333333332689e+01 9.906000000000000227e+01
2.824238512214365723e-03 5.784941669553518573e-02 9.991833333333333655e+01 9.906000000000000227e+01
2.660235139519363454e-03 5.669988375157117982e-02 9.992666666666666231e+01 9.907999999999999829e+01
2.517729201906122698e-03 5.416813911870121956e-02 9.992999999999999261e+01 9.909999999999999432e+01
2.393742186985144734e-03 5.205305926501750668e-02 9.993500000000000227e+01 9.912999999999999545e+01
2.289153288234643119e-03 4.957881411537527760e-02 9.993999999999999773e+01 9.912999999999999545e+01
2.202143074506015229e-03 4.820728898048400740e-02 9.994333333333332803e+01 9.912999999999999545e+01
2.131250598615645232e-03 4.708781540393829068e-02 9.994499999999999318e+01 9.914000000000000057e+01
2.074564244682648370e-03 4.477120824158191403e-02 9.994666666666665833e+01 9.912999999999999545e+01
2.033640772427269035e-03 4.252274986356496811e-02 9.994666666666665833e+01 9.914000000000000057e+01
2.008676171823959612e-03 4.295665901154279570e-02 9.995333333333333314e+01 9.914000000000000057e+01
1.999491621555697044e-03 3.987737335264682909e-02 9.995499999999999829e+01 9.912999999999999545e+01
2.006601210285398687e-03 3.885902082547545294e-02 9.995499999999999829e+01 9.914000000000000057e+01
2.031831839983474271e-03 3.771786168217659135e-02 9.995333333333333314e+01 9.915000000000000568e+01
2.075529807170809361e-03 3.653569743037223677e-02 9.995499999999999829e+01 9.915999999999999659e+01
2.138116205300496023e-03 3.621698580682277541e-02 9.995499999999999829e+01 9.914000000000000057e+01
2.225148268040727344e-03 3.443255927413702011e-02 9.995499999999999829e+01 9.915999999999999659e+01
2.336636050995996930e-03 3.428956940770148953e-02 9.995499999999999829e+01 9.915999999999999659e+01
2.500818404329515320e-03 3.302550837397575517e-02 9.995499999999999829e+01 9.917000000000000171e+01
2.660826658033084869e-03 3.225020300596952161e-02 9.995333333333333314e+01 9.917000000000000171e+01
2.892622033230971001e-03 3.161518499255180220e-02 9.995166666666666799e+01 9.917000000000000171e+01
3.170170916090972110e-03 3.093782318755984237e-02 9.994333333333332803e+01 9.915000000000000568e+01
3.499833766796957898e-03 3.117119250819087167e-02 9.993999999999999773e+01 9.918000000000000682e+01
3.895430410647677828e-03 3.068119352683424880e-02 9.993166666666665776e+01 9.918000000000000682e+01
4.365199276097880832e-03 3.056184444576501985e-02 9.992000000000000171e+01 9.915000000000000568e+01
4.915957214524669175e-03 3.010152615606784959e-02 9.990666666666666629e+01 9.909999999999999432e+01
5.558166222053958355e-03 3.011403549462556700e-02 9.988500000000000512e+01 9.910999999999999943e+01
6.310353545676310877e-03 3.038009405136108537e-02 9.986666666666667425e+01 9.909000000000000341e+01
7.187148175157133563e-03 3.032453339546918938e-02 9.985166666666667368e+01 9.906000000000000227e+01
8.221218466904805372e-03 3.069404661655426164e-02 9.982833333333333314e+01 9.907000000000000739e+01
9.412723692453731084e-03 3.136265771463513097e-02 9.978000000000000114e+01 9.903999999999999204e+01
1.080579671797517356e-02 3.193837925791740556e-02 9.974333333333332519e+01 9.900000000000000000e+01
1.244394807641440066e-02 3.303895350545645038e-02 9.970166666666666799e+01 9.900999999999999091e+01
1.436052788196673716e-02 3.380783032625913481e-02 9.965500000000000114e+01 9.900000000000000000e+01
1.661523730744288163e-02 3.568048924207687517e-02 9.959333333333333371e+01 9.900000000000000000e+01
1.928522317113775739e-02 3.754273988306522369e-02 9.951833333333333087e+01 9.898000000000000398e+01
2.243804658027385643e-02 3.917126972228288789e-02 9.946166666666667311e+01 9.896000000000000796e+01
2.621898366779243719e-02 4.243752695620060106e-02 9.937833333333333030e+01 9.889000000000000057e+01
3.066913821230104337e-02 4.605075344443321228e-02 9.927500000000000568e+01 9.881999999999999318e+01
3.601071467029371559e-02 5.025559253990650316e-02 9.913166666666666060e+01 9.878000000000000114e+01
4.243613679065252192e-02 5.560884401202201982e-02 9.898000000000000398e+01 9.865999999999999659e+01
5.014235742076405405e-02 6.208790391683578769e-02 9.880499999999999261e+01 9.850000000000000000e+01
5.938473427747644612e-02 7.038252800703048706e-02 9.863166666666666060e+01 9.835000000000000853e+01
7.057717626791264187e-02 8.077388927340507785e-02 9.835000000000000853e+01 9.810999999999999943e+01
8.402416840997903313e-02 9.285253062844275873e-02 9.806833333333332803e+01 9.787999999999999545e+01
1.002276187011999914e-01 1.077696628868579920e-01 9.772333333333332916e+01 9.759999999999999432e+01
1.196211207705710766e-01 1.257091298699379023e-01 9.729500000000000171e+01 9.725000000000000000e+01
1.427725323839291738e-01 1.482167109847068731e-01 9.676500000000000057e+01 9.685999999999999943e+01
1.702924981506775681e-01 1.739241421222686712e-01 9.619333333333332803e+01 9.620999999999999375e+01
2.027348451522875961e-01 2.044218435883521923e-01 9.537833333333333030e+01 9.545999999999999375e+01
2.406339004063911269e-01 2.403924480080604498e-01 9.445333333333333314e+01 9.456999999999999318e+01
2.847236793941018140e-01 2.837396830320358387e-01 9.330833333333333712e+01 9.350000000000000000e+01
3.350834575956310180e-01 3.311353385448455589e-01 9.203666666666666174e+01 9.230000000000001137e+01
3.921199596798750631e-01 3.861216813325881736e-01 9.051166666666667027e+01 9.084000000000000341e+01
4.558375743088691756e-01 4.473508030176162609e-01 8.861833333333333940e+01 8.899000000000000909e+01
5.262307137377989497e-01 5.156312823295593484e-01 8.648166666666666913e+01 8.720999999999999375e+01
6.025856415917878461e-01 5.909555017948150413e-01 8.400499999999999545e+01 8.489000000000000057e+01
6.846010585837780660e-01 6.712409913539886253e-01 8.108333333333332860e+01 8.193000000000000682e+01
7.712747930590786449e-01 7.568521142005920632e-01 7.771500000000000341e+01 7.865999999999999659e+01
8.613914160459026359e-01 8.446983993053436279e-01 7.391666666666665719e+01 7.479999999999999716e+01
9.537867722607878962e-01 9.342369854450225386e-01 6.985999999999999943e+01 7.074000000000000909e+01
1.047079405804941077e+00 1.027147364616393999e+00 6.558833333333333826e+01 6.631000000000000227e+01
1.139402553153190611e+00 1.120471429824829057e+00 6.161999999999999744e+01 6.221000000000000085e+01
1.228264053429621860e+00 1.207605338096618741e+00 5.786666666666666714e+01 5.836999999999999744e+01
1.313863129440401067e+00 1.292571425437927246e+00 5.468499999999999517e+01 5.534000000000000341e+01
1.395553174176449973e+00 1.375110876560211137e+00 5.220499999999999829e+01 5.268000000000000682e+01
1.471775598490416170e+00 1.450794899463653476e+00 5.032666666666666089e+01 5.099000000000000199e+01
1.543024996323371978e+00 1.523312795162200972e+00 4.891499999999999915e+01 4.954999999999999716e+01
1.607554347276179296e+00 1.586719942092895463e+00 4.789666666666666828e+01 4.857000000000000028e+01
1.665384587829809471e+00 1.647156679630279452e+00 4.708166666666666345e+01 4.768999999999999773e+01
1.715880090366802779e+00 1.694702172279357821e+00 4.643333333333333002e+01 4.707999999999999829e+01
1.757463236099112924e+00 1.738035237789154142e+00 4.597999999999999687e+01 4.667000000000000171e+01
1.790585924440355470e+00 1.771961641311645463e+00 4.559499999999999886e+01 4.625999999999999801e+01
1.814882454460363670e+00 1.794337344169616655e+00 4.540333333333333599e+01 4.614000000000000057e+01
1.829383804599867602e+00 1.812002444267272860e+00 4.536166666666666458e+01 4.606000000000000227e+01
1.835746912432631994e+00 1.814430594444274902e+00 4.542333333333333201e+01 4.614000000000000057e+01
1.833176769300310260e+00 1.811176991462707608e+00 4.571999999999999886e+01 4.645000000000000284e+01
1.821967518532962460e+00 1.799570453166961626e+00 4.607999999999999829e+01 4.656000000000000227e+01
1.802420816441842932e+00 1.778604400157928422e+00 4.654166666666666430e+01 4.703999999999999915e+01
1.774769711723205523e+00 1.750084137916565030e+00 4.715833333333333854e+01 4.757999999999999829e+01
1.739330983365268368e+00 1.713156545162200839e+00 4.793999999999999773e+01 4.865999999999999659e+01
1.696465861695661825e+00 1.670183622837066562e+00 4.876833333333333798e+01 4.932999999999999829e+01
1.646856002716113210e+00 1.620978677272796542e+00 4.994833333333333059e+01 5.066000000000000369e+01
1.591231273435580462e+00 1.564698088169097945e+00 5.142666666666666231e+01 5.214000000000000057e+01
1.529809786948059580e+00 1.501536417007446333e+00 5.319666666666667254e+01 5.381000000000000227e+01
1.463165506307504415e+00 1.436973369121551602e+00 5.511000000000000654e+01 5.596999999999999886e+01
1.392214477697669262e+00 1.364348828792572021e+00 5.717666666666666231e+01 5.822000000000000597e+01
1.317767492108253613e+00 1.289385199546813965e+00 5.935166666666666657e+01 6.058999999999999631e+01
1.240325258167059408e+00 1.210727810859680176e+00 6.168833333333333258e+01 6.299000000000000199e+01
1.161072802378424695e+00 1.133452057838439941e+00 6.401500000000000057e+01 6.510999999999999943e+01
1.080469027765269985e+00 1.052798020839691207e+00 6.632333333333333769e+01 6.732000000000000739e+01
9.997444419718500841e-01 9.719540834426879661e-01 6.856000000000000227e+01 6.967999999999999261e+01
9.195575396389340517e-01 8.916617631912231445e-01 7.076500000000000057e+01 7.214000000000000057e+01
8.402913051055692639e-01 8.136650860309601052e-01 7.307000000000000739e+01 7.448999999999999488e+01
7.627269492855967004e-01 7.360321998596190962e-01 7.527333333333334053e+01 7.670999999999999375e+01
6.877533386447536312e-01 6.620952844619750755e-01 7.763500000000000512e+01 7.901999999999999602e+01
6.157347257139840213e-01 5.918162941932678667e-01 7.996166666666665890e+01 8.143999999999999773e+01
5.475848254872791587e-01 5.244172036647796187e-01 8.236166666666666458e+01 8.348999999999999488e+01
4.832994232553917135e-01 4.619585812091827615e-01 8.461833333333332519e+01 8.565000000000000568e+01
4.236951206348089638e-01 4.046243607997894176e-01 8.677500000000000568e+01 8.772999999999998977e+01
3.690806586605145378e-01 3.516547232866287231e-01 8.866666666666667140e+01 8.962999999999999545e+01
3.196637364529343328e-01 3.047104001045227162e-01 9.033833333333333826e+01 9.128000000000000114e+01
2.754395192365910461e-01 2.623914390802383201e-01 9.187500000000000000e+01 9.260000000000000853e+01
2.365313038420575609e-01 2.256606608629226629e-01 9.318999999999999773e+01 9.365000000000000568e+01
2.026026703036034882e-01 1.938382536172866821e-01 9.427666666666667084e+01 9.452000000000001023e+01
1.735412675394877313e-01 1.660168096423149109e-01 9.522666666666667368e+01 9.534000000000000341e+01
1.488643999872749091e-01 1.428637579083442688e-01 9.601166666666665606e+01 9.607999999999999829e+01
1.280396574182805225e-01 1.235687330365180941e-01 9.662833333333334451e+01 9.671999999999999886e+01
1.108240826702766024e-01 1.069497637450695093e-01 9.711166666666666458e+01 9.723000000000000398e+01
9.658837905411780944e-02 9.392339289188385287e-02 9.748333333333333428e+01 9.754000000000000625e+01
8.503147318506482089e-02 8.308264017105101984e-02 9.775166666666666515e+01 9.771999999999999886e+01
7.573539768653447801e-02 7.395216338336467465e-02 9.796500000000000341e+01 9.785999999999999943e+01
6.839039900066104516e-02 6.717533469200134832e-02 9.812166666666666970e+01 9.796000000000000796e+01
6.259140103801226485e-02 6.185654290020466128e-02 9.823333333333333428e+01 9.809000000000000341e+01
5.822282320341226614e-02 5.716136656701564789e-02 9.835166666666667368e+01 9.818999999999999773e+01
5.506194730811535959e-02 5.428482070565223555e-02 9.841333333333332689e+01 9.824000000000000909e+01
5.299551043806394884e-02 5.189268104732036591e-02 9.846000000000000796e+01 9.826999999999999602e+01
5.182141980785789220e-02 5.080741420388221880e-02 9.846500000000000341e+01 9.832999999999999829e+01
5.168138702920298255e-02 5.049334727227687558e-02 9.845833333333334281e+01 9.832999999999999829e+01
5.221506455160582205e-02 5.101230107247829715e-02 9.840166666666667084e+01 9.837000000000000455e+01
5.381128622510873705e-02 5.220700651407241683e-02 9.835000000000000853e+01 9.832999999999999829e+01
5.624238879525108453e-02 5.403653495013713975e-02 9.825500000000000966e+01 9.829000000000000625e+01
5.967339637572877109e-02 5.794551931321621080e-02 9.813833333333333542e+01 9.820999999999999375e+01
6.419181275697273537e-02 6.209279075264930586e-02 9.801333333333333542e+01 9.807000000000000739e+01
6.985027386299542951e-02 6.690122857689857760e-02 9.782499999999998863e+01 9.793999999999999773e+01
7.680792363210599272e-02 7.372243665158748072e-02 9.766833333333333655e+01 9.767000000000000171e+01
8.523845191966039625e-02 8.176929801702499667e-02 9.743000000000000682e+01 9.735999999999999943e+01
9.546278624126175449e-02 9.165259301662445623e-02 9.717000000000000171e+01 9.717000000000000171e+01
1.073620252098753114e-01 1.026232875883579254e-01 9.689333333333333087e+01 9.687999999999999545e+01
1.215486988450821537e-01 1.171401880681514768e-01 9.656333333333333258e+01 9.656999999999999318e+01
1.382546079711668985e-01 1.324126452207565197e-01 9.620666666666666345e+01 9.628000000000000114e+01
1.575804031841250286e-01 1.517566621303558239e-01 9.576833333333333087e+01 9.600999999999999091e+01
1.802017017759617035e-01 1.738680616021156256e-01 9.537833333333333030e+01 9.562000000000000455e+01
2.063803600965500584e-01 2.015474379062652532e-01 9.494166666666666288e+01 9.506000000000000227e+01
2.361898668763686426e-01 2.296039253473281805e-01 9.442000000000000171e+01 9.456000000000000227e+01
2.707808060687718621e-01 2.657358363270759805e-01 9.393000000000000682e+01 9.398999999999999488e+01
3.101098905409326867e-01 3.018108174204826577e-01 9.332500000000000284e+01 9.347999999999998977e+01
3.552637989225704285e-01 3.532832086086273304e-01 9.268666666666666742e+01 9.271000000000000796e+01
4.058443119114975572e-01 4.004342794418335183e-01 9.197499999999999432e+01 9.204999999999999716e+01
4.638966897548214008e-01 4.596165835857391468e-01 9.124166666666666003e+01 9.123000000000000398e+01
5.290254885618731473e-01 5.240005642175674661e-01 9.044333333333332803e+01 9.053000000000000114e+01
6.024283605264321162e-01 5.987918585538863914e-01 8.958666666666667311e+01 8.978000000000000114e+01
6.850197533491069191e-01 6.806693255901337114e-01 8.876500000000000057e+01 8.892000000000000171e+01
7.776745786902301560e-01 7.755954802036285622e-01 8.781000000000000227e+01 8.790999999999999659e+01
8.816483125392434728e-01 8.792208969593048318e-01 8.685000000000000853e+01 8.701000000000000512e+01
9.958821157497892429e-01 9.941627562046051469e-01 8.575166666666666515e+01 8.615999999999999659e+01
1.122099320755711505e+00 1.115327292680740268e+00 8.480833333333333712e+01 8.518000000000000682e+01
1.262285685822018166e+00 1.258974575996398837e+00 8.378166666666666629e+01 8.426000000000000512e+01
1.415231211337326434e+00 1.406937277317047208e+00 8.269499999999999318e+01 8.335000000000000853e+01
1.582377096197244093e+00 1.572479593753814742e+00 8.165500000000000114e+01 8.210999999999999943e+01
1.764857573867606666e+00 1.754410493373870894e+00 8.050166666666666515e+01 8.117999999999999261e+01
1.962473461336926794e+00 1.942295598983764693e+00 7.937500000000000000e+01 8.025999999999999091e+01
2.177545210954222821e+00 2.157297456264495761e+00 7.827833333333333599e+01 7.914000000000000057e+01
2.411054081150463713e+00 2.381885766983032227e+00 7.724666666666666970e+01 7.786999999999999034e+01
2.662142905599272691e+00 2.629908108711242587e+00 7.607833333333333314e+01 7.675000000000000000e+01
2.929338135127065534e+00 2.908186650276184171e+00 7.496000000000000796e+01 7.571999999999999886e+01
3.215495827228529890e+00 3.177072572708129705e+00 7.379833333333333201e+01 7.455000000000001137e+01
3.523008406352895250e+00 3.485949945449829279e+00 7.275666666666667481e+01 7.350999999999999091e+01
3.850789852615104092e+00 3.814545345306396662e+00 7.170000000000000284e+01 7.243000000000000682e+01
4.200131915652675296e+00 4.154331111907959340e+00 7.067000000000000171e+01 7.161999999999999034e+01
4.568790331196937338e+00 4.513670921325683594e+00 6.969999999999998863e+01 7.071999999999999886e+01
4.961545838221812055e+00 4.926058578491210760e+00 6.879833333333333201e+01 6.976000000000000512e+01
5.374619562742807055e+00 5.321483564376831232e+00 6.787666666666666515e+01 6.867999999999999261e+01
5.810415369869549096e+00 5.738327407836914418e+00 6.695833333333332860e+01 6.787999999999999545e+01
6.268741421862197960e+00 6.209962320327758967e+00 6.605499999999999261e+01 6.700000000000000000e+01
6.755127479018432801e+00 6.677228116989136097e+00 6.513666666666667027e+01 6.614999999999999147e+01
7.262681572930390850e+00 7.185191297531128285e+00 6.421833333333333371e+01 6.534000000000000341e+01
7.798678371952032506e+00 7.699526405334472301e+00 6.337500000000000000e+01 6.453000000000000114e+01
8.356330850993646919e+00 8.277552032470703480e+00 6.261666666666666714e+01 6.368000000000000682e+01
8.941673554337100427e+00 8.832388496398925426e+00 6.183666666666665890e+01 6.284999999999999432e+01
9.555739829789347439e+00 9.457813167572021840e+00 6.109333333333333371e+01 6.225000000000000711e+01
1.019134074792678923e+01 1.007384605407714773e+01 6.035166666666667368e+01 6.148000000000000398e+01
1.086247040950921594e+01 1.077715044021606516e+01 5.967000000000000171e+01 6.068999999999999773e+01
1.156030333525082199e+01 1.145131158828735352e+01 5.889833333333333343e+01 5.996999999999999886e+01
1.228561318454457840e+01 1.216156797409057688e+01 5.816499999999999915e+01 5.924000000000000199e+01
1.303738270588775094e+01 1.292054510116577148e+01 5.742833333333333456e+01 5.866000000000000369e+01
1.382719192677723541e+01 1.366013545989990163e+01 5.680333333333332746e+01 5.807000000000000028e+01
1.464793316692685821e+01 1.446217250823974609e+01 5.614666666666666828e+01 5.738999999999999346e+01
1.549957321295097756e+01 1.534345760345459020e+01 5.550166666666667226e+01 5.682000000000000739e+01
1.638079788384915503e+01 1.617852439880370952e+01 5.492166666666666686e+01 5.635000000000000142e+01
1.729399270238652520e+01 1.708562145233154439e+01 5.427333333333332632e+01 5.570000000000000284e+01
1.825020200052241037e+01 1.801360111236572337e+01 5.368000000000000682e+01 5.510000000000000142e+01
1.924124026756042483e+01 1.898469791412353658e+01 5.314833333333333343e+01 5.443999999999999773e+01
2.024923089114841801e+01 1.998723678588867259e+01 5.259833333333333627e+01 5.375000000000000000e+01
2.130473187025676296e+01 2.105182647705078125e+01 5.200166666666666515e+01 5.325999999999999801e+01
2.240042539751097550e+01 2.213025665283203125e+01 5.148333333333333428e+01 5.262999999999999545e+01
2.353413135613968166e+01 2.325775375366210795e+01 5.094166666666666288e+01 5.207000000000000739e+01
2.470614439693849462e+01 2.443085269927978587e+01 5.038000000000000256e+01 5.153999999999999915e+01
2.590351354237050074e+01 2.560016002655029155e+01 4.986333333333332973e+01 5.106000000000000227e+01
2.715057357592877452e+01 2.683306369781494283e+01 4.935499999999999687e+01 5.048000000000000398e+01
2.843048373570066190e+01 2.811613216400146342e+01 4.885666666666666202e+01 5.018999999999999773e+01
2.975964373362852200e+01 2.941592674255371165e+01 4.841166666666666174e+01 4.951999999999999602e+01
3.112852966455000114e+01 3.072754173278808665e+01 4.795499999999999829e+01 4.903000000000000114e+01
3.253807192519784053e+01 3.215659141540527344e+01 4.748499999999999943e+01 4.860000000000000142e+01
3.398690206613113673e+01 3.357703189849853231e+01 4.697666666666666657e+01 4.815999999999999659e+01
3.549252703042427015e+01 3.505994873046874716e+01 4.657166666666666544e+01 4.779999999999999716e+01
3.702394258340538613e+01 3.656548652648925923e+01 4.615166666666667084e+01 4.728000000000000114e+01
3.861778037837827782e+01 3.816894874572754048e+01 4.578000000000000114e+01 4.689999999999999858e+01
4.024651062361466813e+01 3.974460983276367188e+01 4.539833333333333343e+01 4.661999999999999744e+01
4.193822285666394833e+01 4.139895248413085938e+01 4.503499999999999659e+01 4.621000000000000085e+01
4.366319124835894883e+01 4.314378280639648722e+01 4.467000000000000171e+01 4.573999999999999488e+01
4.543776039375678977e+01 4.481628189086914205e+01 4.432666666666666089e+01 4.531000000000000227e+01
4.726087982161467238e+01 4.666467475891113281e+01 4.398833333333333684e+01 4.478999999999999915e+01
4.914991687050760305e+01 4.848269958496094034e+01 4.365666666666666629e+01 4.447999999999999687e+01
5.106541107966701531e+01 5.049857482910156392e+01 4.331666666666666288e+01 4.410000000000000142e+01
5.302647151825016181e+01 5.237207565307617330e+01 4.300999999999999801e+01 4.382000000000000028e+01
5.506526469980983762e+01 5.437299385070800639e+01 4.275333333333333030e+01 4.353999999999999915e+01
5.714407112349325502e+01 5.641066169738769531e+01 4.248166666666666913e+01 4.328000000000000114e+01
5.928167101975951425e+01 5.864946556091308594e+01 4.219833333333333059e+01 4.300999999999999801e+01
6.145286648309053135e+01 6.074882888793945312e+01 4.194166666666666288e+01 4.278000000000000114e+01
6.369887100252261547e+01 6.288461036682129190e+01 4.167166666666666686e+01 4.248000000000000398e+01
6.601220712478735209e+01 6.529309654235839844e+01 4.142999999999999972e+01 4.198000000000000398e+01
6.835072704876409944e+01 6.757397003173828409e+01 4.119166666666666288e+01 4.169999999999999574e+01
7.076391259134450706e+01 6.995128250122070312e+01 4.095500000000000540e+01 4.150000000000000000e+01
7.323647954570712670e+01 7.234050140380858807e+01 4.071166666666666600e+01 4.131000000000000227e+01
7.577786649366431959e+01 7.489230880737304119e+01 4.048333333333333428e+01 4.093999999999999773e+01
7.834897534628666449e+01 7.753073501586914062e+01 4.023833333333332973e+01 4.068999999999999773e+01
8.101831130330751307e+01 8.022288894653320312e+01 4.000999999999999801e+01 4.045000000000000284e+01
8.372227838756178642e+01 8.263645706176757244e+01 3.978999999999999915e+01 4.028999999999999915e+01
