2.662229617304492368e-01 9.077125821629578734e-03
1.114808652246256221e-01 8.016422492256793098e-03
1.663893510815307730e-01 7.845771665484448446e-03
2.312811980033277759e-01 9.001381460529955456e-03
1.713810316139766921e-01 9.438162559849843508e-03
2.312811980033277759e-01 8.751492225073889686e-03
1.364392678868552311e-01 9.597614598083054407e-03
1.464226289517470969e-01 8.884699159548290620e-03
2.811980033277869939e-01 9.483072638331577209e-03
3.011647254575707255e-01 9.824628877148598727e-03
2.113144758735440998e-01 8.826055397041726938e-03
1.514143094841930159e-01 9.744241684280154081e-03
1.414309484193011779e-01 7.323719328500715581e-03
2.911813643926788875e-01 9.901196596047157072e-03
2.512479201331114798e-01 9.083633930868018763e-03
1.514143094841930159e-01 8.155579474592399708e-03
2.113144758735440998e-01 9.679802687932123964e-03
1.763727121464226388e-01 9.931988351258951714e-03
3.061564059900166446e-01 9.553108918248653589e-03
2.362728785357737227e-01 9.836511330088342983e-03
1.114808652246256221e-01 6.567956398262140075e-03
2.762063227953410749e-01 9.429833673248993325e-03
9.650582362728785113e-02 9.314657770137273890e-03
1.064891846921797031e-01 9.121658974381717175e-03
1.713810316139766921e-01 9.807568926022440167e-03
1.214642262895174740e-01 9.632372726002813579e-03
2.512479201331114798e-01 9.045521681648125908e-03
1.114808652246256221e-01 8.208991416322532556e-03
1.763727121464226388e-01 9.209629968160016125e-03
1.763727121464226388e-01 9.365766984260517902e-03
2.262895174708818569e-01 6.917394389356559467e-03
1.613976705490848540e-01 9.178186909969666962e-03
2.312811980033277759e-01 8.204275554182204055e-03
1.114808652246256221e-01 6.344031731790096378e-03
1.314475873544093121e-01 9.482359489299483843e-03
1.314475873544093121e-01 7.531108957409209104e-03
1.613976705490848540e-01 9.510493377062516698e-03
1.464226289517470969e-01 6.443140176547146672e-03
1.114808652246256221e-01 9.169874809640533170e-03
1.713810316139766921e-01 8.956677683830776421e-03
2.212978369384359378e-01 9.971328724294216406e-03
2.163061564059900188e-01 8.346405722838170713e-03
2.013311148086522340e-01 8.670899318931333741e-03
1.414309484193011779e-01 9.560026537117209330e-03
1.713810316139766921e-01 5.868274741278583367e-03
1.414309484193011779e-01 9.183445189903523612e-03
2.163061564059900188e-01 8.557382529662618115e-03
2.911813643926788875e-01 9.705501590726441780e-03
1.364392678868552311e-01 9.150953843564053544e-03
9.151414309484193210e-02 8.277585894414017306e-03
2.013311148086522340e-01 9.381972346161546183e-03
1.414309484193011779e-01 8.333072169796906098e-03
9.151414309484193210e-02 9.763156887225114822e-03
2.163061564059900188e-01 9.741594955334846942e-03
2.113144758735440998e-01 8.194659020450672376e-03
1.514143094841930159e-01 9.159251462726843152e-03
2.212978369384359378e-01 8.666752439028186858e-03
1.214642262895174740e-01 9.799613518279386842e-03
2.762063227953410749e-01 7.495211593283670343e-03
1.514143094841930159e-01 9.701719966756172653e-03
1.564059900166389350e-01 8.532013128119615361e-03
2.113144758735440998e-01 9.786837418661775007e-03
1.064891846921797031e-01 7.838646501259205479e-03
1.813643926788685579e-01 9.960068688495766348e-03
1.913477537437603959e-01 8.535674215684138991e-03
1.564059900166389350e-01 9.394672739489493690e-03
1.713810316139766921e-01 7.610540193611541569e-03
9.650582362728785113e-02 8.925617355068880820e-03
1.264559068219633930e-01 8.785703853038171959e-03
2.412645590682196417e-01 9.333308703815532126e-03
1.913477537437603959e-01 9.141480223968300942e-03
1.763727121464226388e-01 9.663935684757233788e-03
1.514143094841930159e-01 6.464118980820785301e-03
1.713810316139766921e-01 8.007771886839236061e-03
1.813643926788685579e-01 8.928048901037186763e-03
1.164725457570715411e-01 9.067091342291177386e-03
3.460898502495840523e-01 7.781711399966866234e-03
1.863560732113144769e-01 9.864686375858583087e-03
1.014975041597337702e-01 8.788985996700375905e-03
2.911813643926788875e-01 8.773084379790248299e-03
1.514143094841930159e-01 8.953758189044015714e-03
1.164725457570715411e-01 9.992411051018734031e-03
2.212978369384359378e-01 7.524527172837452288e-03
7.154742096505824211e-02 7.643140559486028343e-03
2.113144758735440998e-01 9.290617205194990486e-03
1.414309484193011779e-01 6.680247157642185164e-03
2.412645590682196417e-01 9.176980285123051417e-03
1.763727121464226388e-01 8.846671033916208779e-03
5.657237936772046422e-02 8.364894152262110361e-03
1.713810316139766921e-01 8.916133138728809387e-03
2.063227953410981808e-01 9.553764578237746927e-03
1.613976705490848540e-01 9.417771288997442425e-03
2.262895174708818569e-01 8.468298707032886202e-03
2.662229617304492368e-01 8.169565263134472705e-03
2.113144758735440998e-01 8.366922560012994906e-03
1.164725457570715411e-01 9.308794914549318664e-03
5.657237936772046422e-02 8.123024139217741024e-03
2.412645590682196417e-01 9.415327217536741469e-03
6.655574043261230921e-02 6.699724819980588421e-03
2.212978369384359378e-01 9.756527227011702053e-03
